4360207619
4840113718
4480103177
4520101728
4150112722
4490105337
4830102986
4500101649
4720103045
4740147576
4110101708
4120107182
4800103626
4630104786
4240121964
4340102542
4470126824
4820108233
4480113895
4260111801
4280145691
4230143697
4910102526
4670131236
4740103520
4090114788
4780102614
4540102490
4320105838
4070105236
4840101457
740105202
4930138344
4730119072
4530186461
4160102556
4650120043
4030132379
4800292056
4110102607
4920101252
4120105202
4900254956
4220104253
4930102530
4140105356
4550132783
4060110006
4620108938
4620160194
477026271
4360168464
4170123964
4300251123
4110228097
4530246547
4690222999
4570104762
4830229102
4740164308
4260132321
4400144616
4520113319
4113284169
4440154575
4770245746
4790193892
4310139201
4580265595
4490127836
4920266337
4820247866
4010216275
4900258510
404154488
4880111176
4860155946
4100271313
4600265666
4820209726
4320234448
4180242465